Reading done for process0
Reading done for process0
0guugguug
0 3
1 3
2 5
3 3
4 4
5 8
6 4
7 5
8 5
9 5
10 1
11 1
12 4
13 4
14 4
15 7
16 5
17 3
18 5
19 6
20 4
21 6
22 3
23 4
24 5
25 7
26 6
27 5
28 3
29 5
30 1
31 3
32 5
33 3
34 3
35 2
37 2
38 3
39 4
1guugguug
0 3
1 6
2 2
3 2
4 5
5 9
6 4
7 3
8 4
9 2
10 5
11 7
12 2
13 5
14 3
15 7
16 2
17 5
18 6
19 4
20 4
21 5
22 7
23 2
24 4
25 5
26 3
27 5
28 1
29 5
30 5
31 3
32 2
33 6
34 3
35 4
36 3
37 4
39 4
0guugguug
0 3
1 3
2 5
3 3
4 4
5 8
6 4
7 5
8 5
9 5
10 1
11 1
12 4
13 4
14 4
15 7
16 5
17 3
18 5
19 6
20 4
21 6
22 3
23 4
24 5
25 7
26 6
27 5
28 3
29 5
30 1
31 3
32 5
33 3
34 3
35 2
37 2
38 3
39 4
1guugguug
0 3
1 6
2 2
3 2
4 5
5 9
6 4
7 3
8 4
9 2
10 5
11 7
12 2
13 5
14 3
15 7
16 2
17 5
18 6
19 4
20 4
21 5
22 7
23 2
24 4
25 5
26 3
27 5
28 1
29 5
30 5
31 3
32 2
33 6
34 3
35 4
36 3
37 4
39 4
Output written
Output written