9.96
18280 31995 51575 62477 65030 90642 90663 93981 94188 99561 
10151 22182 23872 24892 34336 36392 36991 46422 59815 64840 
4062 16278 16843 33207 47424 55142 55817 57127 58504 64446 
6695 22483 23714 26191 26445 30534 49702 70228 72733 73859 
4331 8128 11378 23195 36358 40566 46627 54467 67576 75762 
6387719 462 4069 16116 28019 28594 40462 42973 50412 63689 
2740 3664 14078 15457 24783 25277 29175 34669 47754 55335 
4817 11676 19175 19448 26897 31252 37400 48235 48938 82569 
27882 49408 49570 61798 66888 70263 73801 102055 105180 106360 
7705 17964 21983 23115 26998 45125 50759 51381 55383 58524 
4862 5887 13108 14456 30910 33315 33414 37995 41084 45305 
2630 14647 23321 38778 40227 41201 47228 48627 56421 64011 
8931 18752 18834 23208 26138 44919 47502 49719 53022 66117 
5479 7115 13171 19944 25345 58593 80649 85145 87608 110477 
6355 7896 23869 34895 43142 51476 52079 52850 69695 71306 
2212 3780 5669 9670 11550 13542 15462 19804 19829 20628 
16238 29496 33948 36340 39334 49542 60650 66667 68082 78597 
3323 20246 24027 31246 33439 35525 60634 60912 69644 80161 
2571 17884 22811 23279 47985 60863 65624 74771 78411 80337 
16917094 2336 9380 28040 34646 38954 54046 67919 71560 72300 
5584 9371 13320 20007 21583 23983 30173 30738 31343 37355 
2904 3427 6152 34900 59442 68637 73525 77680 84714 90479 
8448 10340 24465 24970 25483 28812 39325 48042 87728 99009 
21136 29505 31317 33157 59611 66139 66201 69959 76755 82020 
318 5669 8114 14777 18360 28648 36996 57898 60729 60912 
130 21844 28027 28650 32311 32537 46932 48003 66797 74929 
9160 13513 21210 26895 28780 43843 44839 44902 60152 60636 
8665 14462 29733 32052 44034 48337 54549 59703 59913 60120 
5600 6752 17567 26412 31335 32353 37596 70422 77624 91561 
2057 7579 11230 18153 28708 35918 44960 51536 87550 91189 
1 12218 12587 26298 43701 48448 49805 50278 59779 64125 
4456716 29825 33528 45942 49138 60812 81560 113683 121890 123089 
450 4421 11176 24566 28204 43384 45030 93729 104220 104495 
15163 18698 24588 50446 52586 53852 58623 61457 76840 77541 
7373823 9461 17320 19698 21369 21734 26703 28809 34921 46224 
81 12253 31201 37823 48650 58799 62593 65590 105705 105941 
354 4552 16462 18573 27933 31206 31786 39890 62335 84789 
3045 11575 12743 14573 23436 28211 42859 75461 77026 87962 
16323 25772 32199 59039 60242 65019 65036 69854 72979 75187 
13852 17241 17888 22554 27025 29014 45356 48360 48528 63415 
398 2647 5579 11386 13213 15904 22377 23711 30790 46976 
8842 12316 16953 26814 36893 40990 56032 58824 61995 62999 
13930946 8405 12008 16704 18245 20561 40797 56771 63275 77298 
2517 4703 7655 12302 12805 12837 27829 34879 36368 45407 
11323 17126 18099 25049 27893 47014 47649 52280 79434 101695 
9082 11299 20786 22795 22938 29354 32153 44115 46737 51757 
2713 5977 15811 27878 29054 32168 37558 45864 48692 54980 
2926 5692 12351 13685 15226 24567 29059 30744 56458 57914 
13791 13939 24483 30884 39830 41353 42458 51130 64360 67395 
5087 5532 7084 7099 17362 17648 19120 28725 30745 34558 
5250 13226 14065 14148 37496 40536 50439 73114 75800 76427 
4869 12280 13923 19562 19636 68202 73826 79144 81947 86440 
4714 14073 17478 19913 20820 23028 28374 36039 49288 59057 
15922 19617 35810 39922 55363 72688 82187 86784 95447 116999 
3563 12824 17458 19654 28821 39167 40198 45005 47644 51375 
25493 39758 53002 55472 59628 60279 77608 77966 78898 83838 
5595 7586 7822 8633 15009 23120 32800 32922 33458 42811 
578 5593 43445 65016 72271 75152 84821 86711 123027 153536 
7726 10023 28777 35743 36014 57138 70572 90312 94036 102936 
3527 4104 11742 14939 31253 47667 60279 74960 76194 82178 
13853 23175 44818 49214 52515 57408 58401 58970 65340 70446 
3562 7480 10688 17070 20974 28441 35240 41933 45631 47156 
9596 18882 28572 31485 32321 56755 67699 68410 71167 72608 
7368 11615 14654 24627 27102 40448 45286 45491 51294 51719 
4468 20547 28546 34112 43130 51521 61696 65775 93086 103354 
1569 2322 14142 19769 21642 40647 49657 53884 54681 87095 
5452 9452 25528 26304 45547 47368 51739 52606 53024 63066 
10737 15849 18379 22646 34172 36500 50990 53196 54403 56195 
14325 17181 18739 22345 35755 45989 46165 71765 79671 82284 
727 983 3564 6763 9963 15767 20577 42792 50351 56155 
1996 10284 19495 22071 22190 26619 30005 33608 35517 36019 
1339 8391 17706 18430 22675 25161 29425 36819 44082 50164 
1655 6938 8263 10682 18340 20097 22349 29278 29591 35417 
3078 7296 11457 18674 32774 34988 39153 47629 52228 55638 
16833 36134 56461 58894 81666 90891 109455 109845 110945 112224 
0 1 2 3 4 5 6 7 8 9 
